1 0.1328125 0.98515625 0.05625 0.0296875
1 0.18359375 0.93515625 0.0609375 0.1296875
1 0.225 0.86640625 0.0546875 0.14140625
1 0.2578125 0.8 0.04921875 0.1234375
1 0.2765625 0.74609375 0.04609375 0.109375
1 0.31015625 0.675 0.03828125 0.09140625
1 0.33046875 0.64296875 0.03671875 0.084375
1 0.715625 0.66796875 0.03828125 0.08984375
1 0.73671875 0.70234375 0.040625 0.09609375
1 0.765625 0.7515625 0.04375 0.109375
1 0.7984375 0.81015625 0.0484375 0.121875
1 0.8359375 0.8890625 0.053125 0.14453125
1 0.8859375 0.95390625 0.05859375 0.0921875