1 0.184375 0.8921875 0.053125 0.140625
1 0.23046875 0.82890625 0.046875 0.12421875
1 0.27421875 0.771875 0.04375 0.1125
1 0.303125 0.725 0.03984375 0.0984375
1 0.3296875 0.68984375 0.0375 0.0859375
1 0.34609375 0.659375 0.03359375 0.08203125
1 0.38828125 0.60078125 0.025 0.06796875
1 0.3984375 0.58046875 0.025 0.06015625
1 0.409375 0.5640625 0.0234375 0.0546875
1 0.4203125 0.54765625 0.02578125 0.0515625
1 0.4296875 0.53359375 0.025 0.04609375
1 0.4359375 0.51953125 0.02421875 0.0421875
1 0.4421875 0.5078125 0.0203125 0.03984375
0 0.3578125 0.61171875 0.04296875 0.12265625
0 0.3703125 0.5515625 0.02890625 0.1265625
0 0.4796875 0.61484375 0.0375 0.1359375
0 0.62265625 0.759375 0.0453125 0.13046875
1 0.65390625 0.528125 0.0234375 0.04765625
1 0.6609375 0.53984375 0.02578125 0.05
1 0.66875 0.5515625 0.0234375 0.04609375
1 0.6765625 0.56484375 0.02421875 0.0484375
1 0.68515625 0.5859375 0.02734375 0.0546875
1 0.69375 0.60703125 0.0296875 0.06171875
1 0.70546875 0.63046875 0.02890625 0.06796875
1 0.71796875 0.66015625 0.0328125 0.07578125
1 0.73046875 0.6921875 0.0359375 0.0859375
1 0.74765625 0.7265625 0.03984375 0.09609375
0 0.70234375 0.54375 0.02734375 0.0984375
0 0.79609375 0.7015625 0.04765625 0.15625
1 0.78359375 0.8 0.0453125 0.11171875
1 0.79296875 0.8484375 0.04921875 0.1265625
1 0.81484375 0.89765625 0.05390625 0.13828125
1 0.85234375 0.95234375 0.05859375 0.09453125