1 0.75703125 0.9265625 0.0796875 0.146875
1 0.715625 0.8515625 0.071875 0.1421875
1 0.68046875 0.77421875 0.0640625 0.12109375
1 0.6578125 0.734375 0.05703125 0.10390625
1 0.65234375 0.6765625 0.05 0.059375
1 0.62109375 0.63359375 0.04140625 0.07890625
1 0.60625 0.60546875 0.03984375 0.0703125
1 0.59609375 0.5796875 0.0328125 0.06171875
1 0.58828125 0.5578125 0.03359375 0.05234375
1 0.58046875 0.53984375 0.03359375 0.0453125
1 0.56875 0.5234375 0.02734375 0.03828125
1 0.56484375 0.5046875 0.0265625 0.0265625
1 0.55859375 0.4921875 0.0265625 0.02578125
1 0.5484375 0.4828125 0.02265625 0.03203125
1 0.54453125 0.46953125 0.02578125 0.0296875
1 0.08046875 0.79375 0.05 0.11171875
1 0.11875 0.7421875 0.04140625 0.1
1 0.15859375 0.69765625 0.0375 0.0890625
1 0.190625 0.6578125 0.034375 0.0796875
1 0.21328125 0.62578125 0.0359375 0.07109375
1 0.23046875 0.603125 0.03203125 0.06484375
1 0.27109375 0.5515625 0.0296875 0.05625
1 0.28671875 0.53203125 0.025 0.05234375
1 0.29765625 0.5203125 0.01953125 0.046875
1 0.30859375 0.50859375 0.02265625 0.03828125
1 0.31796875 0.49609375 0.01953125 0.03828125
1 0.32734375 0.478125 0.02265625 0.03828125
0 0.3546875 0.55703125 0.040625 0.11015625
0 0.2609375 0.51875 0.0296875 0.11328125
0 0.2390625 0.56171875 0.034375 0.10390625
0 0.4875 0.66640625 0.04921875 0.10859375
0 0.6671875 0.61015625 0.04921875 0.1421875
0 0.590625 0.48671875 0.02734375 0.0859375
0 0.621875 0.7015625 0.0171875 0.06484375