1 0.1375 0.959375 0.05859375 0.08125
1 0.1921875 0.92109375 0.05390625 0.153125
1 0.24296875 0.85 0.05234375 0.13125
1 0.2796875 0.7875 0.046875 0.1171875
1 0.31015625 0.740625 0.0421875 0.1
1 0.33046875 0.7046875 0.03671875 0.09140625
1 0.34609375 0.67578125 0.025 0.09140625
1 0.3578125 0.653125 0.02265625 0.08515625
1 0.375 0.62890625 0.02890625 0.07578125
1 0.3921875 0.60703125 0.02890625 0.06796875
1 0.403125 0.58671875 0.025 0.06015625
1 0.4140625 0.5703125 0.02265625 0.05546875
1 0.41953125 0.55390625 0.02421875 0.0515625
1 0.43046875 0.534375 0.02109375 0.0453125
1 0.44140625 0.52265625 0.02109375 0.04765625
0 0.3609375 0.56328125 0.0328125 0.12109375
0 0.3375 0.621875 0.0359375 0.09765625
0 0.478125 0.65390625 0.04296875 0.153125
0 0.6421875 0.83125 0.05234375 0.159375
0 0.83515625 0.76015625 0.05078125 0.17109375
0 0.71796875 0.56015625 0.02734375 0.09609375
1 0.66328125 0.5421875 0.021875 0.0515625
1 0.6703125 0.55234375 0.01953125 0.04921875
1 0.6796875 0.56796875 0.021875 0.05390625
1 0.68984375 0.58828125 0.025 0.0578125
1 0.6984375 0.609375 0.02578125 0.06171875
1 0.7109375 0.63671875 0.0296875 0.0703125
1 0.72578125 0.66484375 0.0328125 0.07734375
1 0.74140625 0.70078125 0.03515625 0.08359375
1 0.75625 0.740625 0.0390625 0.09765625
1 0.778125 0.784375 0.04453125 0.109375
1 0.82421875 0.878125 0.05078125 0.12890625
1 0.83828125 0.93515625 0.05703125 0.1296875
1 0.86640625 0.9609375 0.059375 0.078125