1 0.0203125 0.975 0.040625 0.046875
1 0.06875 0.93125 0.07265625 0.1375
0 0.07265625 0.80625 0.08828125 0.19140625
1 0.13203125 0.84921875 0.06640625 0.14140625
1 0.18125 0.76953125 0.06015625 0.1234375
1 0.21484375 0.71171875 0.0546875 0.109375
1 0.25078125 0.6546875 0.05 0.0984375
1 0.27421875 0.61875 0.04609375 0.084375
1 0.815625 0.67421875 0.04921875 0.1
1 0.84609375 0.73046875 0.0546875 0.11171875
1 0.8796875 0.803125 0.06171875 0.12890625
1 0.9265625 0.8921875 0.06875 0.1484375
1 0.97109375 0.95625 0.05703125 0.08671875