1 0.43359375 0.603125 0.0328125 0.07265625
1 0.4171875 0.62734375 0.034375 0.07890625
1 0.39296875 0.68046875 0.04140625 0.09140625
1 0.38046875 0.71953125 0.04296875 0.10078125
1 0.35625 0.76796875 0.0484375 0.1171875
1 0.32578125 0.8296875 0.0546875 0.134375
1 0.28515625 0.9125 0.0625 0.1578125
1 0.23984375 0.95703125 0.0421875 0.08515625
0 0.18203125 0.9328125 0.08984375 0.134375
0 0.28125 0.71953125 0.05703125 0.20703125
1 0.76875 0.64375 0.03203125 0.075
1 0.7859375 0.67265625 0.0328125 0.08125
1 0.8078125 0.71015625 0.03671875 0.09140625
1 0.83359375 0.75546875 0.0390625 0.103125
1 0.86015625 0.81484375 0.0421875 0.1171875
1 0.8953125 0.88984375 0.0484375 0.134375
1 0.93515625 0.94921875 0.0515625 0.1015625
0 0.8671875 0.69609375 0.0421875 0.134375