1 0.18125 0.95 0.05859375 0.09921875
1 0.23046875 0.89140625 0.0546875 0.14453125
1 0.2703125 0.825 0.0484375 0.125
1 0.29765625 0.775 0.04453125 0.1109375
1 0.32578125 0.7265625 0.03984375 0.125
1 0.35390625 0.6765625 0.03984375 0.0890625
1 0.375 0.64453125 0.0328125 0.07734375
1 0.390625 0.61875 0.03046875 0.07265625
1 0.40234375 0.596875 0.0265625 0.06484375
1 0.40859375 0.5796875 0.02578125 0.0609375
1 0.42265625 0.553125 0.021875 0.05390625
1 0.43359375 0.5390625 0.02265625 0.05
1 0.89296875 0.96640625 0.0546875 0.0671875
1 0.83125 0.88359375 0.04921875 0.134375
1 0.80234375 0.82265625 0.04609375 0.1171875
1 0.7796875 0.76796875 0.0390625 0.1046875
1 0.75859375 0.71953125 0.03671875 0.090625
1 0.740625 0.68125 0.03671875 0.08359375
1 0.7234375 0.64765625 0.03125 0.07109375
1 0.7109375 0.6203125 0.02890625 0.0671875
1 0.69921875 0.596875 0.025 0.06484375
1 0.6875 0.578125 0.02421875 0.05546875
1 0.678125 0.5609375 0.0234375 0.05390625
0 0.8984375 0.8625 0.06171875 0.21796875
0 0.6796875 0.928125 0.06796875 0.14375
0 0.74140625 0.584375 0.03203125 0.10703125
0 0.471875 0.715625 0.05234375 0.18359375
0 0.34140625 0.5953125 0.03671875 0.140625
0 0.31015625 0.68203125 0.0484375 0.15234375