1 0.97109375 0.9625 0.0484375 0.075
1 0.925 0.90703125 0.04765625 0.1375
1 0.88984375 0.83046875 0.04609375 0.11875
1 0.85859375 0.771875 0.0390625 0.1078125
1 0.83125 0.7234375 0.03359375 0.09296875
1 0.81015625 0.68828125 0.0328125 0.0890625
1 0.43203125 0.63984375 0.03671875 0.08515625
1 0.41328125 0.67109375 0.040625 0.09140625
1 0.3828125 0.74296875 0.0484375 0.11171875
1 0.3671875 0.79765625 0.05390625 0.125
1 0.334375 0.86484375 0.05859375 0.146875
1 0.29296875 0.93515625 0.06640625 0.1296875
1 0.23984375 0.9875 0.0609375 0.02421875
0 0.2453125 0.8046875 0.07109375 0.2546875
0 0.92421875 0.7640625 0.046875 0.15859375