1 0.01484375 0.96796875 0.0296875 0.0640625
1 0.0484375 0.92109375 0.06484375 0.1484375
1 0.109375 0.81875 0.04765625 0.1265625
1 0.140625 0.75078125 0.05234375 0.109375
1 0.17578125 0.69296875 0.04765625 0.0984375
1 0.20390625 0.64609375 0.04296875 0.08671875
1 0.2296875 0.60625 0.03984375 0.078125
1 0.6640625 0.58359375 0.0421875 0.071875
1 0.68828125 0.6125 0.04296875 0.08203125
1 0.71171875 0.65234375 0.04765625 0.09140625
1 0.7375 0.70390625 0.05390625 0.10625
1 0.77890625 0.76796875 0.0609375 0.1234375
1 0.825 0.846875 0.07109375 0.14296875
1 0.88125 0.9296875 0.078125 0.140625
1 0.95390625 0.98984375 0.0515625 0.0203125
0 0.4515625 0.8203125 0.0921875 0.28359375
0 0.44609375 0.5875 0.05703125 0.165625
0 0.07421875 0.82265625 0.08046875 0.23203125