1 0.11953125 0.9015625 0.07265625 0.153125
1 0.16875 0.796875 0.05859375 0.12421875
1 0.21640625 0.70859375 0.05234375 0.1046875
1 0.24765625 0.659375 0.046875 0.09140625
1 0.28046875 0.61875 0.04296875 0.078125
1 0.30390625 0.58203125 0.03828125 0.0734375
1 0.32421875 0.55546875 0.03359375 0.06484375
1 0.3390625 0.5296875 0.0296875 0.05703125
1 0.35546875 0.50703125 0.028125 0.05
1 0.3703125 0.49296875 0.0265625 0.046875
1 0.38125 0.47890625 0.02265625 0.04296875
1 0.39296875 0.46875 0.0234375 0.04296875
1 0.403125 0.45625 0.02265625 0.0359375
0 0.41328125 0.44296875 0.05078125 0.075
0 0.34609375 0.46484375 0.02578125 0.078125
0 0.11015625 0.72734375 0.07265625 0.21015625
0 0.63359375 0.64375 0.07109375 0.19140625
0 0.6890625 0.5125 0.0359375 0.10859375
0 0.63046875 0.44140625 0.02578125 0.0734375
1 0.909375 0.8875 0.0671875 0.14140625
1 0.8765625 0.83125 0.06171875 0.128125
1 0.80546875 0.72265625 0.05390625 0.10859375
1 0.771875 0.6796875 0.04921875 0.09609375
1 0.746875 0.6390625 0.04453125 0.084375
1 0.725 0.60390625 0.04140625 0.07421875
1 0.73125 0.57421875 0.03671875 0.04921875
1 0.70234375 0.5515625 0.03515625 0.0609375
1 0.66875 0.52265625 0.01328125 0.046875
1 0.66328125 0.50859375 0.02421875 0.04921875
1 0.65546875 0.49609375 0.02578125 0.046875
1 0.64921875 0.478125 0.0265625 0.04296875
1 0.640625 0.46640625 0.0265625 0.03984375