1 0.07734375 0.91796875 0.06484375 0.140625
1 0.1140625 0.84140625 0.05859375 0.128125
1 0.15390625 0.7625 0.05234375 0.11015625
1 0.184375 0.70859375 0.04609375 0.09453125
1 0.21875 0.659375 0.04140625 0.08359375
1 0.24453125 0.61953125 0.0375 0.075
1 0.26640625 0.58984375 0.0328125 0.06484375
1 0.284375 0.5625 0.03203125 0.05859375
1 0.2953125 0.54296875 0.0296875 0.0515625
1 0.31171875 0.528125 0.025 0.05390625
1 0.32265625 0.50859375 0.0203125 0.040625
1 0.33046875 0.4953125 0.02109375 0.03671875
1 0.3390625 0.48359375 0.02109375 0.03515625
1 0.346875 0.471875 0.0203125 0.0359375
0 0.1203125 0.68359375 0.05078125 0.17109375
0 0.30546875 0.5015625 0.03125 0.08046875
0 0.46640625 0.57109375 0.040625 0.12109375
0 0.4640625 0.47890625 0.02734375 0.06796875
0 0.46015625 0.45 0.02734375 0.06484375
0 0.73125 0.59453125 0.04609375 0.134375
1 0.87890625 0.91796875 0.07265625 0.14609375
1 0.81484375 0.834375 0.06484375 0.128125
1 0.7671875 0.75703125 0.05703125 0.11171875
1 0.7328125 0.70625 0.05234375 0.09921875
1 0.69921875 0.65703125 0.04765625 0.08515625
1 0.67421875 0.61953125 0.0421875 0.0765625
1 0.65234375 0.58828125 0.03984375 0.06875
1 0.63125 0.56171875 0.034375 0.059375
1 0.61796875 0.5375 0.03125 0.0546875
1 0.6046875 0.5203125 0.02734375 0.05
1 0.59609375 0.50546875 0.02578125 0.0453125
1 0.58671875 0.49296875 0.0234375 0.040625
1 0.58125 0.48046875 0.02421875 0.0390625
1 0.57734375 0.47109375 0.02265625 0.0359375
1 0.57109375 0.4625 0.02109375 0.034375