1 0.0609375 0.953125 0.065625 0.09375
1 0.1140625 0.87265625 0.06015625 0.1046875
1 0.16484375 0.79921875 0.05859375 0.121875
1 0.2015625 0.7390625 0.05234375 0.10390625
1 0.25703125 0.67578125 0.021875 0.08671875
1 0.26953125 0.63671875 0.04296875 0.0796875
1 0.2921875 0.60234375 0.03671875 0.07109375
1 0.3109375 0.57421875 0.034375 0.0640625
1 0.328125 0.55078125 0.03515625 0.06015625
0 0.3625 0.5484375 0.0390625 0.121875
0 0.22421875 0.66640625 0.05703125 0.175
0 0.1515625 0.93828125 0.1109375 0.1234375
0 0.73125 0.821875 0.0859375 0.22578125
0 0.6546875 0.54609375 0.04453125 0.12421875
1 0.68046875 0.52734375 0.01640625 0.01953125
1 0.68828125 0.56328125 0.03359375 0.0609375
1 0.7015625 0.5890625 0.0359375 0.06640625
1 0.71484375 0.61953125 0.040625 0.0765625
1 0.73828125 0.65625 0.04765625 0.0859375
1 0.76640625 0.70078125 0.05 0.0984375
1 0.803125 0.75546875 0.0546875 0.1140625
1 0.84921875 0.8359375 0.06171875 0.12890625
1 0.90546875 0.92578125 0.07109375 0.1484375
1 0.96796875 0.975 0.06171875 0.05