1 0.015625 0.96015625 0.03125 0.0796875
1 0.06640625 0.8859375 0.071875 0.165625
1 0.12265625 0.784375 0.06640625 0.14453125
1 0.1734375 0.6921875 0.0578125 0.12109375
1 0.22421875 0.61953125 0.0515625 0.103125
1 0.26015625 0.57578125 0.04453125 0.08984375
1 0.2921875 0.53125 0.046875 0.0765625
1 0.31953125 0.49140625 0.046875 0.03359375
1 0.3296875 0.47421875 0.0421875 0.03984375
1 0.3390625 0.45625 0.03515625 0.03671875
1 0.35234375 0.45078125 0.03203125 0.0546875
0 0.228125 0.5140625 0.04609375 0.1234375
0 0.32421875 0.584375 0.06171875 0.17890625
0 0.41484375 0.4140625 0.03203125 0.09609375
0 0.7046875 0.46328125 0.0390625 0.11796875
1 0.7265625 0.5109375 0.0359375 0.065625
1 0.74921875 0.53984375 0.03984375 0.07421875
1 0.771875 0.58359375 0.04765625 0.08828125
1 0.7984375 0.62578125 0.04921875 0.09921875
1 0.825 0.6671875 0.04296875 0.10859375
0 0.86875 0.6703125 0.07109375 0.20703125
1 0.90390625 0.76796875 0.06015625 0.1265625
1 0.9703125 0.88125 0.05859375 0.1484375
1 0.97421875 0.93828125 0.05078125 0.1234375