1 0.04609375 0.91328125 0.06953125 0.1640625
1 0.103125 0.809375 0.065625 0.146875
1 0.15625 0.71796875 0.05703125 0.125
1 0.2 0.653125 0.0515625 0.10703125
1 0.234375 0.59453125 0.04609375 0.09296875
1 0.26953125 0.546875 0.03984375 0.0796875
1 0.2953125 0.51796875 0.03359375 0.0703125
1 0.3140625 0.48984375 0.03046875 0.0609375
1 0.33125 0.47109375 0.0265625 0.05390625
1 0.34140625 0.44453125 0.03125 0.02890625
1 0.34921875 0.43125 0.028125 0.025
1 0.36015625 0.43046875 0.0265625 0.04375
0 0.2640625 0.46953125 0.03671875 0.09609375
0 0.3515625 0.5171875 0.04765625 0.13828125
0 0.41328125 0.4 0.02734375 0.08359375
0 0.65859375 0.4328125 0.03359375 0.096875
1 0.67578125 0.46875 0.03046875 0.0546875
1 0.6921875 0.4890625 0.03203125 0.05859375
1 0.70625 0.51953125 0.0375 0.06875
1 0.725 0.54609375 0.0390625 0.07578125
1 0.7390625 0.5734375 0.028125 0.08359375
0 0.77578125 0.56796875 0.05546875 0.16328125
1 0.803125 0.6390625 0.04921875 0.0984375
1 0.8625 0.71015625 0.05546875 0.10546875
1 0.86640625 0.76484375 0.0625 0.1296875
1 0.91640625 0.853125 0.06796875 0.14921875
1 0.9640625 0.93359375 0.071875 0.13203125
0 0.80703125 0.9015625 0.16015625 0.19609375
1 0.009375 0.96953125 0.01796875 0.0609375