1 0.05234375 0.93046875 0.06640625 0.1390625
1 0.1015625 0.84140625 0.0609375 0.13359375
1 0.146875 0.7671875 0.05546875 0.115625
1 0.18515625 0.69921875 0.04921875 0.09921875
1 0.21328125 0.65546875 0.04375 0.0890625
1 0.26875 0.58046875 0.03203125 0.0703125
1 0.28515625 0.5546875 0.03203125 0.0609375
1 0.3015625 0.53125 0.03046875 0.05546875
1 0.315625 0.51328125 0.0296875 0.053125
1 0.621875 0.50234375 0.0296875 0.04921875
1 0.634375 0.5171875 0.0296875 0.053125
1 0.64453125 0.53671875 0.03203125 0.05625
1 0.65390625 0.559375 0.03515625 0.06171875
1 0.671875 0.5875 0.0390625 0.0734375
1 0.6921875 0.62109375 0.04453125 0.08125
1 0.71875 0.66171875 0.04921875 0.09375
1 0.753125 0.72109375 0.05625 0.10703125
1 0.8015625 0.7921875 0.06328125 0.1265625
1 0.85390625 0.88046875 0.071875 0.14453125
1 0.91015625 0.95 0.0734375 0.1
0 0.475 0.80703125 0.08515625 0.203125
0 0.47109375 0.57578125 0.04921875 0.16015625
0 0.4703125 0.47734375 0.0375 0.075
0 0.93671875 0.81640625 0.09609375 0.21640625
0 0.23203125 0.596875 0.04609375 0.146875