1 0.1171875 0.90703125 0.06953125 0.14921875
1 0.16640625 0.80234375 0.05859375 0.125
1 0.21328125 0.71171875 0.05 0.1046875
1 0.24375 0.6640625 0.04453125 0.090625
1 0.27734375 0.621875 0.04140625 0.08203125
1 0.30078125 0.584375 0.03515625 0.0734375
1 0.32109375 0.55859375 0.03359375 0.06484375
1 0.33671875 0.5328125 0.03046875 0.05625
1 0.35390625 0.51171875 0.02890625 0.0515625
1 0.3671875 0.496875 0.02578125 0.0453125
1 0.378125 0.48203125 0.0234375 0.04140625
1 0.390625 0.47265625 0.0234375 0.03984375
1 0.3953125 0.459375 0.0234375 0.03125
1 0.3984375 0.45234375 0.02265625 0.02890625
1 0.4046875 0.446875 0.02109375 0.03203125
0 0.10859375 0.73203125 0.071875 0.20859375
0 0.34375 0.46953125 0.02578125 0.078125
0 0.4453125 0.42578125 0.02109375 0.06171875
0 0.6296875 0.6453125 0.07109375 0.190625
0 0.628125 0.44296875 0.025 0.07421875
0 0.6859375 0.51328125 0.03671875 0.10703125
1 0.63828125 0.46875 0.02421875 0.0390625
1 0.64765625 0.48203125 0.02421875 0.04375
1 0.653125 0.49609375 0.0265625 0.0484375
1 0.659375 0.51015625 0.021875 0.04609375
1 0.66484375 0.5234375 0.0140625 0.04921875
1 0.69921875 0.553125 0.03359375 0.059375
1 0.72890625 0.5765625 0.0375 0.05078125
1 0.7234375 0.60390625 0.04140625 0.075
1 0.74296875 0.640625 0.04375 0.08359375
1 0.76875 0.68125 0.04765625 0.0953125
1 0.803125 0.72421875 0.053125 0.1046875
1 0.875 0.83203125 0.06171875 0.128125
1 0.90703125 0.8875 0.06640625 0.14140625