0 0.45078125 0.68046875 0.078125 0.22421875
1 0.1796875 0.6828125 0.04765625 0.10078125
1 0.14375 0.740625 0.0515625 0.1109375
1 0.10390625 0.8109375 0.05703125 0.1265625
1 0.059375 0.89765625 0.06171875 0.1453125
1 0.021875 0.95703125 0.04296875 0.08515625
1 0.7296875 0.65625 0.05078125 0.09453125
1 0.7640625 0.70234375 0.05390625 0.10859375
1 0.8015625 0.76640625 0.0609375 0.12421875
1 0.8421875 0.8515625 0.07109375 0.14296875
1 0.89921875 0.93515625 0.0796875 0.1296875
1 0.9640625 0.9875 0.0515625 0.025