1 0.20078125 0.49296875 0.0375 0.0796875
1 0.75625 0.4421875 0.03671875 0.06796875
1 0.66484375 0.33984375 0.02421875 0.04296875
1 0.6171875 0.2890625 0.01875 0.03125
1 0.5703125 0.246875 0.01328125 0.021875
1 0.39453125 0.2546875 0.01171875 0.02421875
1 0.38203125 0.26953125 0.01484375 0.0265625
0 0.596875 0.25390625 0.01640625 0.0484375
0 0.3609375 0.28671875 0.021875 0.05703125
0 0.31484375 0.33125 0.02734375 0.07890625
0 0.01640625 0.86875 0.0328125 0.184375
0 0.99453125 0.8609375 0.01015625 0.09140625