1 0.0609375 0.95390625 0.06328125 0.09140625
1 0.1125 0.871875 0.06015625 0.10078125
1 0.1640625 0.79921875 0.0578125 0.12109375
1 0.2015625 0.73828125 0.05234375 0.1046875
1 0.25546875 0.67578125 0.02578125 0.090625
1 0.26953125 0.63671875 0.04140625 0.08046875
1 0.2921875 0.60234375 0.03671875 0.06953125
1 0.3125 0.57421875 0.0359375 0.0640625
1 0.32890625 0.55078125 0.03359375 0.05859375
0 0.15 0.93828125 0.11640625 0.1234375
0 0.22421875 0.66640625 0.05625 0.17109375
0 0.36171875 0.54765625 0.03984375 0.12109375
0 0.453125 0.49921875 0.0359375 0.10078125
0 0.51328125 0.6515625 0.05625 0.1859375
0 0.65546875 0.54453125 0.04296875 0.1234375
0 0.73125 0.821875 0.0875 0.22578125
1 0.9671875 0.97421875 0.05703125 0.0515625
1 0.90546875 0.9265625 0.0703125 0.146875
1 0.84921875 0.8359375 0.0625 0.1265625
1 0.80234375 0.75390625 0.05546875 0.11171875
1 0.76640625 0.70078125 0.05 0.096875
1 0.7390625 0.65546875 0.04609375 0.08515625
1 0.715625 0.61875 0.03984375 0.075
1 0.7015625 0.58828125 0.03671875 0.065625
1 0.6875 0.56328125 0.0328125 0.0609375
1 0.6796875 0.528125 0.0171875 0.0203125