1 0.1171875 0.89609375 0.0703125 0.1484375
1 0.16640625 0.790625 0.059375 0.12578125
1 0.2140625 0.7015625 0.0484375 0.10859375
1 0.2453125 0.65390625 0.0453125 0.08984375
1 0.278125 0.6125 0.04140625 0.08046875
1 0.3046875 0.57734375 0.0359375 0.07109375
1 0.321875 0.55078125 0.03359375 0.0640625
1 0.34140625 0.52578125 0.03046875 0.05703125
1 0.35546875 0.50859375 0.02890625 0.0515625
1 0.36796875 0.49375 0.025 0.046875
1 0.3796875 0.47578125 0.0234375 0.03984375
1 0.39140625 0.465625 0.02265625 0.0390625
1 0.39765625 0.45625 0.021875 0.03359375
1 0.40390625 0.44921875 0.021875 0.03359375
1 0.4078125 0.440625 0.0203125 0.03203125
0 0.43203125 0.41875 0.0234375 0.06640625
0 0.35546875 0.453125 0.02734375 0.065625
0 0.18046875 0.628125 0.05078125 0.16484375
0 0.61015625 0.4390625 0.02578125 0.0765625
0 0.6875 0.50703125 0.03671875 0.10625
0 0.796875 0.58828125 0.0515625 0.14296875
1 0.909375 0.88125 0.06640625 0.140625
1 0.87578125 0.82734375 0.06015625 0.1265625
1 0.8046875 0.71875 0.05390625 0.10703125
1 0.76875 0.67578125 0.04765625 0.09609375
1 0.74375 0.634375 0.0453125 0.084375
1 0.72421875 0.59140625 0.04609375 0.08828125
1 0.70078125 0.54765625 0.03515625 0.05859375
1 0.665625 0.51796875 0.0171875 0.053125
1 0.659375 0.50390625 0.02421875 0.0515625
1 0.65 0.490625 0.025 0.04609375
1 0.6453125 0.4734375 0.02890625 0.04140625
1 0.63984375 0.4625 0.02421875 0.03828125
1 0.63125 0.4484375 0.02109375 0.03515625