0 0.0515625 0.8609375 0.08671875 0.2546875
0 0.42734375 0.60546875 0.05390625 0.16640625
0 0.3765625 0.51171875 0.03828125 0.0984375
0 0.69453125 0.6296875 0.05390625 0.18671875
0 0.85234375 0.62734375 0.05078125 0.16015625
1 0.13359375 0.9296875 0.0765625 0.140625
1 0.0671875 0.98125 0.06171875 0.03671875
1 0.20390625 0.84140625 0.071875 0.1484375
1 0.26171875 0.75390625 0.06171875 0.12421875
1 0.30390625 0.690625 0.05390625 0.1046875
1 0.34296875 0.6359375 0.05 0.09140625
1 0.371875 0.5984375 0.04609375 0.08046875
1 0.3875 0.5703125 0.0359375 0.071875
1 0.41328125 0.521875 0.034375 0.021875
1 0.4328125 0.51875 0.0390625 0.053125
1 0.4421875 0.49453125 0.0375 0.03359375
1 0.4515625 0.48046875 0.03359375 0.0359375
1 0.45703125 0.4734375 0.02890625 0.040625
1 0.75390625 0.50859375 0.02890625 0.04921875
1 0.76328125 0.52734375 0.03125 0.053125
1 0.77265625 0.5484375 0.03046875 0.05703125
1 0.7890625 0.571875 0.03515625 0.06640625
1 0.80625 0.60234375 0.03984375 0.075
1 0.81953125 0.634375 0.02421875 0.08359375
1 0.8703125 0.69375 0.04609375 0.09296875
1 0.89453125 0.7484375 0.05078125 0.11015625
1 0.93203125 0.81953125 0.05859375 0.1265625
1 0.96953125 0.90390625 0.06015625 0.13984375