1 0.02421875 0.975 0.0484375 0.05
1 0.07578125 0.93046875 0.071875 0.1390625
0 0.07890625 0.8046875 0.08671875 0.19296875
1 0.13828125 0.846875 0.06484375 0.13984375
1 0.18671875 0.76796875 0.05859375 0.12109375
1 0.21953125 0.709375 0.053125 0.10859375
1 0.25546875 0.65390625 0.04921875 0.0984375
1 0.278125 0.61796875 0.04609375 0.08515625
1 0.8125 0.67265625 0.04921875 0.096875
1 0.84296875 0.72890625 0.05390625 0.1109375
1 0.87578125 0.8015625 0.06015625 0.12890625
1 0.921875 0.890625 0.06796875 0.146875
1 0.96796875 0.95546875 0.0640625 0.0890625