1 0.1109375 0.771875 0.05234375 0.11328125
1 0.14453125 0.71640625 0.0484375 0.1015625
1 0.18046875 0.66328125 0.04140625 0.08984375
1 0.20546875 0.62578125 0.03984375 0.078125
1 0.2328125 0.59296875 0.0359375 0.0703125
1 0.25546875 0.56328125 0.03203125 0.06015625
1 0.271875 0.5390625 0.02890625 0.0546875
1 0.28984375 0.51796875 0.02578125 0.0515625
1 0.303125 0.5015625 0.02421875 0.04609375
1 0.3140625 0.48828125 0.02109375 0.04609375
1 0.34375 0.4515625 0.021875 0.0265625
1 0.35 0.440625 0.0234375 0.0296875
0 0.15 0.60390625 0.0421875 0.14375
0 0.303125 0.45234375 0.02421875 0.05625
0 0.3390625 0.50078125 0.03203125 0.07890625
0 0.48984375 0.4890625 0.03203125 0.1046875
0 0.60078125 0.47265625 0.03203125 0.075
0 0.69765625 0.5515625 0.04765625 0.13046875
1 0.79296875 0.8265625 0.06796875 0.1359375
1 0.75 0.75546875 0.06171875 0.11875
1 0.69140625 0.67265625 0.053125 0.096875
1 0.66640625 0.63203125 0.0484375 0.0859375
1 0.64453125 0.59375 0.04375 0.075
1 0.6296875 0.565625 0.03671875 0.06796875
1 0.6140625 0.540625 0.0359375 0.05703125
1 0.60703125 0.51953125 0.034375 0.053125
1 0.590625 0.5 0.02109375 0.040625
1 0.5796875 0.4875 0.01796875 0.03984375
1 0.5765625 0.4734375 0.0234375 0.03828125
1 0.5734375 0.4609375 0.02578125 0.03671875
1 0.56875 0.446875 0.0234375 0.0296875
1 0.56484375 0.43671875 0.02109375 0.02421875