1 0.1171875 0.89609375 0.071875 0.1484375
1 0.1671875 0.790625 0.05859375 0.1265625
1 0.21484375 0.7015625 0.05078125 0.10625
1 0.24609375 0.65390625 0.0453125 0.090625
1 0.28046875 0.61171875 0.0421875 0.08046875
1 0.3046875 0.57578125 0.03671875 0.0703125
1 0.32421875 0.55 0.03359375 0.06328125
1 0.3390625 0.52421875 0.0296875 0.05546875
1 0.35703125 0.503125 0.028125 0.0515625
1 0.37109375 0.4875 0.0265625 0.046875
1 0.38203125 0.47265625 0.02265625 0.04140625
1 0.39375 0.4640625 0.02265625 0.03984375
1 0.41015625 0.4515625 0.0203125 0.034375
1 0.403125 0.440625 0.02890625 0.0359375
0 0.353125 0.8859375 0.10234375 0.21875
0 0.471875 0.4640625 0.03359375 0.09140625
0 0.5234375 0.51171875 0.0390625 0.10546875
0 0.571875 0.45390625 0.02734375 0.0859375
0 0.634375 0.63828125 0.0703125 0.1890625
0 0.68984375 0.50625 0.03515625 0.10625
1 0.9109375 0.8828125 0.0671875 0.14140625
1 0.87890625 0.828125 0.0625 0.1296875
1 0.80703125 0.71796875 0.05390625 0.10625
1 0.77265625 0.675 0.04921875 0.09609375
1 0.746875 0.634375 0.04453125 0.084375
1 0.72578125 0.596875 0.03984375 0.07578125
1 0.73203125 0.56640625 0.03828125 0.04140625
1 0.703125 0.546875 0.0328125 0.06015625
1 0.66875 0.5203125 0.01484375 0.04609375
1 0.6625 0.50625 0.0234375 0.040625
1 0.65859375 0.49375 0.02890625 0.0359375
1 0.65625 0.48359375 0.03203125 0.03515625
1 0.65 0.47109375 0.0265625 0.03515625
1 0.6421875 0.4609375 0.021875 0.03671875
1 0.63203125 0.44765625 0.021875 0.0359375