1 0.0546875 0.95390625 0.06484375 0.09140625
1 0.1125 0.884375 0.06640625 0.13984375
1 0.16015625 0.80859375 0.0578125 0.1234375
1 0.21328125 0.7390625 0.05234375 0.10703125
1 0.2546875 0.68359375 0.046875 0.09375
1 0.2875 0.64140625 0.0421875 0.08125
1 0.31484375 0.60390625 0.03828125 0.071875
1 0.33203125 0.578125 0.03515625 0.06328125
1 0.3734375 0.53125 0.02265625 0.053125
1 0.38203125 0.515625 0.02578125 0.046875
1 0.39375 0.50078125 0.02578125 0.04453125
1 0.40390625 0.48828125 0.025 0.04296875
1 0.66015625 0.49375 0.02578125 0.040625
1 0.66875 0.50390625 0.02578125 0.04140625
1 0.675 0.5171875 0.02734375 0.0453125
1 0.6796875 0.53359375 0.02734375 0.0515625
1 0.6921875 0.55078125 0.0296875 0.05390625
1 0.70390625 0.57421875 0.0328125 0.0609375
1 0.7203125 0.6 0.0359375 0.06875
1 0.73828125 0.6359375 0.04140625 0.0765625
1 0.7671875 0.678125 0.04453125 0.08984375
1 0.79765625 0.7296875 0.04921875 0.1015625
1 0.83125 0.79140625 0.05546875 0.115625
1 0.87578125 0.87265625 0.06484375 0.134375
1 0.91796875 0.940625 0.071875 0.11875
0 0.0875 0.75234375 0.06484375 0.19375
0 0.43125 0.671875 0.06328125 0.165625
0 0.62890625 0.82578125 0.09453125 0.23359375
0 0.8640625 0.70546875 0.05859375 0.1734375
0 0.57265625 0.553125 0.03984375 0.12890625
0 0.49140625 0.50546875 0.03125 0.0984375
0 0.34765625 0.53671875 0.03828125 0.1140625