1 0.93046875 0.97578125 0.06953125 0.0484375
1 0.87109375 0.92734375 0.0765625 0.1453125
1 0.81953125 0.83046875 0.065625 0.134375
1 0.778125 0.75390625 0.06015625 0.11640625
1 0.74453125 0.690625 0.05234375 0.1
1 0.7265625 0.6453125 0.04609375 0.08515625
1 0.6828125 0.5953125 0.0265625 0.07578125
1 0.67109375 0.56875 0.03671875 0.06640625
1 0.66015625 0.54296875 0.0359375 0.059375
1 0.64765625 0.5234375 0.03203125 0.053125
1 0.64140625 0.50703125 0.03046875 0.046875
1 0.63515625 0.48984375 0.02890625 0.04609375
1 0.03828125 0.9328125 0.0640625 0.134375
1 0.08359375 0.85390625 0.059375 0.13125
1 0.13515625 0.778125 0.05546875 0.11953125
1 0.18046875 0.7109375 0.05 0.10390625
1 0.2140625 0.6609375 0.04453125 0.090625
1 0.24765625 0.615625 0.04140625 0.08125
1 0.27265625 0.5859375 0.03515625 0.07109375
1 0.31171875 0.52890625 0.0328125 0.040625
1 0.32890625 0.51796875 0.02890625 0.0515625
1 0.33828125 0.503125 0.02734375 0.04921875
1 0.34921875 0.4890625 0.02421875 0.04453125
1 0.35703125 0.47734375 0.02578125 0.03984375
0 0.02734375 0.79453125 0.0546875 0.2046875
0 0.88671875 0.7375 0.07734375 0.21171875
0 0.7109375 0.58515625 0.04765625 0.1484375
0 0.546875 0.59375 0.04921875 0.16484375
0 0.315625 0.59609375 0.04921875 0.121875
0 0.28125 0.51171875 0.03671875 0.0890625