1 0.1171875 0.89609375 0.07109375 0.14921875
1 0.16796875 0.790625 0.059375 0.125
1 0.215625 0.70078125 0.05078125 0.1046875
1 0.24609375 0.65390625 0.0453125 0.0890625
1 0.28046875 0.61171875 0.0421875 0.0796875
1 0.30546875 0.57578125 0.03671875 0.0703125
1 0.32421875 0.5484375 0.03359375 0.06328125
1 0.34375 0.52421875 0.03046875 0.05625
1 0.35859375 0.50703125 0.02734375 0.0515625
1 0.36875 0.49296875 0.02578125 0.0484375
1 0.38125 0.4734375 0.02265625 0.04140625
1 0.3921875 0.46484375 0.0265625 0.040625
1 0.4015625 0.4515625 0.02578125 0.034375
1 0.40390625 0.4390625 0.02890625 0.034375
0 0.18203125 0.6265625 0.04921875 0.1640625
0 0.5234375 0.51171875 0.03984375 0.10703125
0 0.55 0.75078125 0.08984375 0.23359375
0 0.61171875 0.43828125 0.0265625 0.075
0 0.6890625 0.50625 0.03515625 0.10703125
0 0.79921875 0.58671875 0.0515625 0.14296875
1 0.63359375 0.4484375 0.02109375 0.03515625
1 0.64140625 0.4625 0.02578125 0.03828125
1 0.6484375 0.47421875 0.028125 0.04140625
1 0.65546875 0.4890625 0.02734375 0.04375
1 0.66328125 0.503125 0.025 0.05078125
1 0.66875 0.51875 0.0171875 0.046875
1 0.703125 0.546875 0.03359375 0.06015625
1 0.73203125 0.56953125 0.03671875 0.0484375
1 0.72578125 0.5984375 0.03984375 0.07421875
1 0.746875 0.634375 0.04453125 0.08359375
1 0.771875 0.67578125 0.04765625 0.0953125
1 0.80625 0.71796875 0.05234375 0.1046875
1 0.878125 0.828125 0.06171875 0.128125
1 0.9109375 0.88203125 0.06640625 0.1390625