1 0.1171875 0.89609375 0.0703125 0.15
1 0.16796875 0.790625 0.059375 0.12578125
1 0.215625 0.70078125 0.05078125 0.10625
1 0.24609375 0.65390625 0.04453125 0.08984375
1 0.28046875 0.61171875 0.04296875 0.08046875
1 0.30390625 0.57578125 0.03515625 0.0703125
1 0.32421875 0.54921875 0.03359375 0.06171875
1 0.33984375 0.5234375 0.03125 0.05625
1 0.3578125 0.50234375 0.02734375 0.053125
1 0.371875 0.48828125 0.0234375 0.0453125
1 0.38203125 0.4734375 0.02421875 0.04140625
1 0.39296875 0.4625 0.02578125 0.0453125
1 0.40390625 0.440625 0.028125 0.03515625
0 0.1671875 0.61796875 0.04453125 0.14453125
0 0.35546875 0.44609375 0.02421875 0.07578125
0 0.52421875 0.5125 0.03828125 0.10625
0 0.55 0.7515625 0.090625 0.23203125
0 0.61171875 0.4390625 0.02578125 0.07421875
0 0.68984375 0.50625 0.03515625 0.10625
1 0.63359375 0.44921875 0.01953125 0.03671875
1 0.64140625 0.46171875 0.02421875 0.03828125
1 0.65078125 0.47421875 0.02421875 0.04140625
1 0.65625 0.4890625 0.02578125 0.04453125
1 0.66328125 0.503125 0.0234375 0.05
1 0.6703125 0.51875 0.0140625 0.05
1 0.70390625 0.546875 0.0328125 0.06015625
1 0.72578125 0.5984375 0.03828125 0.0734375
1 0.7328125 0.5703125 0.034375 0.0484375
1 0.74765625 0.63515625 0.04453125 0.08359375
1 0.771875 0.67578125 0.04921875 0.0953125
1 0.80703125 0.71875 0.05234375 0.10546875
1 0.87890625 0.82734375 0.06171875 0.12890625
1 0.91171875 0.8828125 0.06484375 0.13984375