1 0.11796875 0.8953125 0.071875 0.15
1 0.16796875 0.790625 0.06015625 0.1265625
1 0.215625 0.70078125 0.0515625 0.10703125
1 0.24609375 0.65390625 0.0453125 0.090625
1 0.28046875 0.6109375 0.0421875 0.08125
1 0.30390625 0.5765625 0.03671875 0.07109375
1 0.32421875 0.54921875 0.03359375 0.0640625
1 0.33984375 0.52421875 0.03046875 0.05625
1 0.35703125 0.503125 0.02734375 0.05078125
1 0.3703125 0.4890625 0.02578125 0.04453125
1 0.38125 0.4734375 0.0234375 0.04140625
1 0.39375 0.46328125 0.02578125 0.04609375
1 0.40390625 0.4390625 0.02890625 0.0359375
0 0.3546875 0.4453125 0.02421875 0.07421875
0 0.475 0.4140625 0.01953125 0.0640625
0 0.5234375 0.51328125 0.03828125 0.10703125
0 0.61171875 0.43828125 0.0265625 0.075
1 0.63359375 0.44765625 0.01875 0.0359375
1 0.6421875 0.4625 0.02265625 0.03828125
1 0.6515625 0.475 0.02265625 0.04296875
1 0.65625 0.4890625 0.02734375 0.0453125
1 0.66484375 0.50390625 0.025 0.0484375
1 0.675 0.51796875 0.02578125 0.05078125
0 0.68984375 0.50625 0.0359375 0.10546875
1 0.703125 0.546875 0.03359375 0.06015625
1 0.73046875 0.57109375 0.03984375 0.05078125
1 0.72578125 0.5984375 0.03828125 0.07421875
1 0.746875 0.634375 0.04453125 0.084375
1 0.771875 0.67578125 0.04921875 0.0953125
1 0.80625 0.71875 0.053125 0.10546875
0 0.771875 0.53125 0.03671875 0.11640625
1 0.878125 0.82734375 0.06171875 0.12890625
1 0.91171875 0.88203125 0.06640625 0.140625