1 0.04765625 0.96484375 0.06171875 0.0703125
1 0.11328125 0.90390625 0.07265625 0.1484375
1 0.2078125 0.7515625 0.05859375 0.1046875
1 0.25703125 0.69375 0.05078125 0.10078125
1 0.28984375 0.6484375 0.046875 0.0859375
1 0.309375 0.61171875 0.04453125 0.0796875
1 0.33203125 0.578125 0.04296875 0.0734375
1 0.34609375 0.55546875 0.0375 0.065625
1 0.7609375 0.59296875 0.03828125 0.0734375
1 0.78046875 0.62890625 0.04140625 0.08125
1 0.79921875 0.67109375 0.04609375 0.09296875
1 0.83125 0.72421875 0.05234375 0.10625
1 0.865625 0.78984375 0.06015625 0.12421875
1 0.903125 0.8609375 0.05703125 0.13828125
1 0.971875 0.953125 0.05546875 0.09375
0 0.94921875 0.87265625 0.0859375 0.24140625
0 0.71796875 0.91015625 0.1140625 0.1796875
0 0.2015625 0.871875 0.1296875 0.25625
0 0.2046875 0.65546875 0.06328125 0.134375