1 0.1265625 0.84140625 0.0609375 0.13203125
1 0.1671875 0.778125 0.05625 0.11640625
1 0.20859375 0.71171875 0.04765625 0.103125
1 0.2390625 0.66640625 0.04453125 0.08828125
1 0.2734375 0.62578125 0.03984375 0.0765625
1 0.29921875 0.59140625 0.03515625 0.07109375
1 0.3203125 0.565625 0.0328125 0.06328125
1 0.33671875 0.54140625 0.03046875 0.05703125
1 0.34921875 0.52421875 0.025 0.05078125
1 0.3828125 0.48203125 0.02109375 0.03671875
1 0.39140625 0.46953125 0.02109375 0.0359375
1 0.4 0.46015625 0.02109375 0.03515625
1 0.88046875 0.8890625 0.06796875 0.14375
1 0.825 0.80625 0.06171875 0.1234375
1 0.7859375 0.7359375 0.05390625 0.10546875
1 0.75546875 0.6875 0.05078125 0.0953125
1 0.7296875 0.64296875 0.04453125 0.08203125
1 0.7078125 0.60859375 0.03984375 0.071875
1 0.6890625 0.578125 0.0359375 0.065625
1 0.67109375 0.55390625 0.03125 0.05625
1 0.659375 0.53125 0.0296875 0.0546875
1 0.64765625 0.515625 0.02734375 0.04921875
1 0.640625 0.49921875 0.025 0.0453125
1 0.6328125 0.48828125 0.02109375 0.04140625
1 0.628125 0.4765625 0.02421875 0.0359375
1 0.6234375 0.46796875 0.0234375 0.03515625
1 0.61875 0.459375 0.02109375 0.034375
0 0.7609375 0.58671875 0.04296875 0.1296875
0 0.5703125 0.6390625 0.0640625 0.16484375
0 0.43515625 0.56796875 0.046875 0.12578125
0 0.540625 0.4984375 0.03203125 0.1
0 0.47578125 0.46875 0.02578125 0.08359375
0 0.359375 0.4921875 0.03125 0.09140625
0 0.1765625 0.640625 0.04765625 0.16171875
1 0.37890625 0.4953125 0.01640625 0.03671875
1 0.37265625 0.50859375 0.01015625 0.0359375