1 0.025 0.94609375 0.05 0.10703125
1 0.06328125 0.88046875 0.059375 0.13671875
1 0.115625 0.8 0.05625 0.12578125
1 0.1625 0.7265625 0.05078125 0.11015625
1 0.1984375 0.6734375 0.04765625 0.09453125
1 0.234375 0.62578125 0.04296875 0.08515625
1 0.26015625 0.59296875 0.03671875 0.07421875
1 0.31328125 0.53046875 0.0375 0.03828125
1 0.3234375 0.51328125 0.03671875 0.0390625
1 0.334375 0.4984375 0.03828125 0.03515625
1 0.3421875 0.484375 0.03046875 0.034375
1 0.34921875 0.4765625 0.025 0.03984375
0 0.26953125 0.51328125 0.0359375 0.0859375
0 0.3015625 0.58984375 0.05234375 0.15546875
0 0.54375 0.6015625 0.0515625 0.1703125
0 0.71484375 0.59140625 0.05078125 0.153125
0 0.9 0.75546875 0.08125 0.221875
0 0.0171875 0.81796875 0.034375 0.20078125
1 0.8890625 0.9421875 0.0765625 0.115625
1 0.83359375 0.85625 0.06953125 0.140625
1 0.78984375 0.77421875 0.06171875 0.12421875
1 0.7515625 0.70546875 0.0546875 0.10703125
1 0.73125 0.6546875 0.04921875 0.08671875
1 0.68359375 0.603125 0.01875 0.078125
1 0.67421875 0.57421875 0.03515625 0.06953125
1 0.66015625 0.54765625 0.03359375 0.0640625
1 0.64765625 0.52421875 0.03203125 0.0546875
1 0.6421875 0.50625 0.0296875 0.0484375
1 0.63359375 0.490625 0.028125 0.046875