1 0.05078125 0.92890625 0.06328125 0.14140625
1 0.1015625 0.8359375 0.06015625 0.13125
1 0.1484375 0.75859375 0.05234375 0.1140625
1 0.1875 0.70078125 0.04765625 0.096875
1 0.21875 0.64765625 0.04140625 0.084375
1 0.24140625 0.6140625 0.0375 0.07578125
1 0.2859375 0.55234375 0.03046875 0.05859375
1 0.30078125 0.53125 0.02890625 0.05078125
1 0.31328125 0.51328125 0.0265625 0.04921875
1 0.32578125 0.49609375 0.02734375 0.04609375
1 0.60625 0.48671875 0.028125 0.0453125
1 0.6171875 0.49921875 0.02734375 0.0484375
1 0.62421875 0.5140625 0.03046875 0.05078125
1 0.6328125 0.53359375 0.03046875 0.05390625
1 0.646875 0.55625 0.03515625 0.0640625
1 0.6625 0.5828125 0.03828125 0.07109375
1 0.684375 0.61328125 0.04140625 0.08046875
1 0.71171875 0.659375 0.046875 0.08984375
1 0.74921875 0.7140625 0.05390625 0.10703125
1 0.7921875 0.78046875 0.06015625 0.121875
1 0.84140625 0.86015625 0.06953125 0.14296875
1 0.8984375 0.940625 0.078125 0.11875
0 0.47265625 0.70625 0.06796875 0.1765625
0 0.46875 0.54609375 0.04140625 0.13515625
0 0.4671875 0.45703125 0.03515625 0.05390625
0 0.8703125 0.74296875 0.07890625 0.21171875
0 0.25703125 0.56171875 0.040625 0.13125