1 0.1171875 0.8953125 0.07109375 0.1515625
1 0.16796875 0.78828125 0.06015625 0.128125
1 0.21484375 0.6984375 0.05234375 0.10625
1 0.2453125 0.6515625 0.04609375 0.09375
1 0.28046875 0.6109375 0.04296875 0.08203125
1 0.30390625 0.5734375 0.03671875 0.0734375
1 0.32421875 0.546875 0.034375 0.065625
1 0.33984375 0.52109375 0.03125 0.05703125
1 0.35625 0.50078125 0.028125 0.0515625
1 0.3703125 0.4859375 0.0265625 0.04921875
1 0.38125 0.47109375 0.02421875 0.04453125
1 0.39375 0.46328125 0.0234375 0.04140625
1 0.40546875 0.44765625 0.03046875 0.03984375
1 0.403125 0.43125 0.03046875 0.0234375
0 0.3515625 0.884375 0.10078125 0.2203125
0 0.42109375 0.59609375 0.053125 0.1640625
0 0.52265625 0.51171875 0.03828125 0.10625
0 0.571875 0.453125 0.028125 0.0859375
0 0.63515625 0.63671875 0.071875 0.18984375
0 0.6890625 0.5046875 0.0359375 0.10546875
1 0.91171875 0.88125 0.06796875 0.14140625
1 0.87734375 0.82578125 0.06171875 0.13046875
1 0.80625 0.71796875 0.05390625 0.10546875
1 0.77265625 0.67421875 0.04765625 0.09609375
1 0.746875 0.6328125 0.04609375 0.084375
1 0.725 0.59609375 0.03984375 0.07578125
1 0.7328125 0.56953125 0.0375 0.0515625
1 0.703125 0.5453125 0.03359375 0.0609375
1 0.66875 0.51953125 0.01484375 0.04609375
1 0.6625 0.50625 0.02265625 0.04375
1 0.6578125 0.4921875 0.02734375 0.03828125
1 0.6546875 0.478125 0.0296875 0.03046875
1 0.6484375 0.465625 0.03203125 0.03046875
1 0.64296875 0.45078125 0.021875 0.01875
1 0.6328125 0.44609375 0.02421875 0.03671875